k = 5
0.874
[[1.00 0.00 0.00 0.00 0.00 0.00 0.00 0.00 0.00 0.00]
 [0.00 1.00 0.00 0.00 0.00 0.00 0.00 0.00 0.00 0.00]
 [0.01 0.06 0.84 0.02 0.00 0.00 0.02 0.04 0.01 0.00]
 [0.00 0.00 0.01 0.85 0.00 0.06 0.01 0.04 0.01 0.02]
 [0.00 0.01 0.00 0.00 0.85 0.00 0.02 0.01 0.00 0.11]
 [0.01 0.02 0.00 0.09 0.01 0.79 0.02 0.01 0.00 0.04]
 [0.02 0.01 0.00 0.00 0.01 0.01 0.95 0.00 0.00 0.00]
 [0.01 0.08 0.01 0.01 0.01 0.00 0.00 0.78 0.01 0.09]
 [0.01 0.03 0.01 0.07 0.00 0.03 0.00 0.04 0.77 0.05]
 [0.00 0.00 0.00 0.03 0.02 0.02 0.00 0.01 0.00 0.92]]
305.460212