k = 1
0.836
[[0.96 0.00 0.00 0.00 0.00 0.00 0.01 0.01 0.01 0.01]
 [0.00 1.00 0.00 0.00 0.00 0.00 0.00 0.00 0.00 0.00]
 [0.03 0.04 0.84 0.04 0.01 0.00 0.02 0.02 0.00 0.00]
 [0.00 0.02 0.02 0.74 0.00 0.13 0.00 0.03 0.05 0.01]
 [0.00 0.01 0.00 0.01 0.83 0.00 0.04 0.00 0.00 0.11]
 [0.01 0.02 0.00 0.08 0.00 0.74 0.07 0.03 0.04 0.01]
 [0.01 0.01 0.00 0.00 0.01 0.02 0.95 0.00 0.00 0.00]
 [0.01 0.07 0.01 0.01 0.02 0.00 0.00 0.77 0.00 0.11]
 [0.02 0.03 0.00 0.06 0.03 0.05 0.01 0.04 0.71 0.06]
 [0.00 0.01 0.00 0.03 0.08 0.01 0.00 0.02 0.02 0.83]]
155.285364
k = 2
0.812
[[1.00 0.00 0.00 0.00 0.00 0.00 0.00 0.00 0.00 0.00]
 [0.00 1.00 0.00 0.00 0.00 0.00 0.00 0.00 0.00 0.00]
 [0.04 0.07 0.84 0.00 0.00 0.00 0.01 0.00 0.02 0.02]
 [0.00 0.04 0.05 0.76 0.00 0.02 0.01 0.04 0.05 0.03]
 [0.01 0.02 0.00 0.01 0.68 0.00 0.02 0.00 0.00 0.26]
 [0.02 0.02 0.00 0.14 0.01 0.57 0.02 0.01 0.12 0.09]
 [0.02 0.02 0.00 0.00 0.01 0.03 0.88 0.00 0.02 0.01]
 [0.00 0.10 0.00 0.03 0.01 0.00 0.00 0.71 0.00 0.15]
 [0.04 0.04 0.00 0.02 0.04 0.01 0.00 0.01 0.78 0.07]
 [0.01 0.01 0.00 0.02 0.01 0.00 0.00 0.02 0.02 0.91]]
152.416416
k = 3
0.846
[[0.99 0.00 0.00 0.00 0.00 0.00 0.01 0.00 0.00 0.00]
 [0.00 0.99 0.00 0.00 0.00 0.00 0.00 0.01 0.00 0.00]
 [0.02 0.08 0.85 0.01 0.00 0.00 0.00 0.02 0.02 0.00]
 [0.00 0.01 0.00 0.75 0.00 0.07 0.02 0.05 0.06 0.04]
 [0.01 0.02 0.00 0.00 0.83 0.00 0.02 0.01 0.01 0.10]
 [0.04 0.04 0.00 0.03 0.00 0.71 0.04 0.02 0.04 0.07]
 [0.01 0.01 0.00 0.00 0.02 0.02 0.91 0.00 0.01 0.01]
 [0.00 0.08 0.01 0.00 0.02 0.00 0.00 0.81 0.00 0.08]
 [0.03 0.02 0.01 0.05 0.04 0.04 0.00 0.02 0.77 0.03]
 [0.02 0.01 0.00 0.03 0.05 0.01 0.00 0.03 0.00 0.85]]
157.91679
k = 4
0.817
[[0.99 0.00 0.00 0.00 0.00 0.00 0.01 0.00 0.00 0.00]
 [0.00 1.00 0.00 0.00 0.00 0.00 0.00 0.00 0.00 0.00]
 [0.02 0.12 0.76 0.00 0.02 0.00 0.01 0.04 0.03 0.01]
 [0.00 0.01 0.00 0.83 0.00 0.04 0.01 0.04 0.04 0.03]
 [0.00 0.02 0.00 0.00 0.70 0.00 0.02 0.00 0.00 0.26]
 [0.02 0.03 0.00 0.09 0.03 0.65 0.04 0.01 0.05 0.07]
 [0.02 0.01 0.00 0.00 0.04 0.02 0.90 0.00 0.00 0.00]
 [0.00 0.11 0.00 0.01 0.01 0.00 0.00 0.75 0.01 0.11]
 [0.02 0.04 0.03 0.05 0.04 0.03 0.02 0.02 0.73 0.03]
 [0.01 0.03 0.00 0.03 0.04 0.00 0.00 0.00 0.01 0.88]]
156.976931
k = 5
0.849
[[1.00 0.00 0.00 0.00 0.00 0.00 0.00 0.00 0.00 0.00]
 [0.00 1.00 0.00 0.00 0.00 0.00 0.00 0.00 0.00 0.00]
 [0.01 0.10 0.79 0.02 0.00 0.00 0.01 0.02 0.06 0.00]
 [0.00 0.02 0.01 0.86 0.00 0.03 0.01 0.05 0.02 0.00]
 [0.00 0.03 0.00 0.01 0.81 0.01 0.02 0.01 0.00 0.11]
 [0.02 0.03 0.00 0.08 0.01 0.70 0.05 0.01 0.04 0.05]
 [0.02 0.02 0.00 0.00 0.02 0.02 0.90 0.00 0.01 0.00]
 [0.01 0.09 0.00 0.00 0.01 0.00 0.00 0.76 0.01 0.11]
 [0.02 0.04 0.01 0.02 0.04 0.02 0.02 0.02 0.78 0.04]
 [0.01 0.02 0.00 0.02 0.03 0.00 0.00 0.01 0.01 0.90]]
153.480921
k = 6
0.834
[[0.99 0.00 0.00 0.00 0.00 0.00 0.01 0.00 0.00 0.00]
 [0.00 1.00 0.00 0.00 0.00 0.00 0.00 0.00 0.00 0.00]
 [0.03 0.10 0.76 0.01 0.00 0.00 0.01 0.05 0.05 0.00]
 [0.00 0.04 0.02 0.82 0.00 0.01 0.02 0.05 0.02 0.02]
 [0.00 0.04 0.00 0.00 0.74 0.00 0.03 0.00 0.01 0.19]
 [0.03 0.02 0.00 0.08 0.03 0.66 0.04 0.01 0.05 0.07]
 [0.02 0.01 0.00 0.00 0.03 0.03 0.90 0.00 0.00 0.00]
 [0.01 0.10 0.00 0.00 0.00 0.00 0.00 0.75 0.00 0.13]
 [0.01 0.03 0.01 0.04 0.02 0.03 0.00 0.01 0.81 0.05]
 [0.00 0.01 0.00 0.02 0.01 0.00 0.00 0.02 0.02 0.92]]
153.625517
k = 7
0.847
[[1.00 0.00 0.00 0.00 0.00 0.00 0.00 0.00 0.00 0.00]
 [0.00 1.00 0.00 0.00 0.00 0.00 0.00 0.00 0.00 0.00]
 [0.03 0.13 0.76 0.01 0.00 0.00 0.02 0.04 0.02 0.00]
 [0.00 0.01 0.00 0.86 0.00 0.02 0.02 0.05 0.02 0.02]
 [0.00 0.02 0.00 0.00 0.77 0.00 0.03 0.01 0.00 0.18]
 [0.04 0.03 0.01 0.05 0.00 0.66 0.07 0.02 0.04 0.07]
 [0.00 0.02 0.00 0.00 0.02 0.02 0.91 0.00 0.02 0.00]
 [0.00 0.09 0.00 0.00 0.01 0.00 0.00 0.78 0.00 0.11]
 [0.02 0.02 0.00 0.04 0.02 0.01 0.01 0.04 0.81 0.04]
 [0.01 0.02 0.00 0.02 0.02 0.00 0.00 0.00 0.00 0.93]]
153.818987
k = 8
0.831
[[1.00 0.00 0.00 0.00 0.00 0.00 0.00 0.00 0.00 0.00]
 [0.00 1.00 0.00 0.00 0.00 0.00 0.00 0.00 0.00 0.00]
 [0.02 0.10 0.77 0.01 0.00 0.00 0.03 0.04 0.04 0.00]
 [0.00 0.02 0.01 0.84 0.00 0.02 0.01 0.04 0.04 0.02]
 [0.00 0.03 0.00 0.00 0.76 0.00 0.02 0.00 0.00 0.20]
 [0.02 0.03 0.01 0.13 0.01 0.67 0.03 0.01 0.01 0.07]
 [0.00 0.02 0.00 0.00 0.03 0.02 0.92 0.00 0.00 0.00]
 [0.00 0.12 0.00 0.00 0.02 0.00 0.00 0.75 0.00 0.10]
 [0.02 0.06 0.02 0.07 0.01 0.00 0.01 0.02 0.70 0.10]
 [0.01 0.01 0.01 0.02 0.02 0.00 0.00 0.00 0.02 0.91]]
153.488515
k = 9
0.828
[[0.99 0.00 0.00 0.00 0.00 0.00 0.01 0.00 0.00 0.00]
 [0.00 1.00 0.00 0.00 0.00 0.00 0.00 0.00 0.00 0.00]
 [0.02 0.13 0.77 0.00 0.00 0.00 0.01 0.03 0.05 0.00]
 [0.00 0.05 0.00 0.82 0.00 0.02 0.01 0.07 0.00 0.03]
 [0.00 0.02 0.00 0.00 0.81 0.00 0.04 0.01 0.00 0.12]
 [0.03 0.04 0.00 0.05 0.00 0.63 0.05 0.01 0.10 0.08]
 [0.01 0.01 0.00 0.00 0.02 0.01 0.93 0.00 0.00 0.01]
 [0.00 0.13 0.00 0.00 0.00 0.00 0.00 0.74 0.01 0.12]
 [0.02 0.06 0.00 0.06 0.03 0.04 0.02 0.03 0.71 0.04]
 [0.01 0.02 0.00 0.03 0.05 0.00 0.00 0.00 0.00 0.89]]
153.627454